23345
25302
27411
7280
21265
8313
29553
18347
10725
21750
5518
11028
30151
24700
12968
7369
16915
16577
18951
15272
12754
5782
13622
2856
22786
26287
23699
18981
10016
22305
27199
10715
30999
8056
10186
27943
8904
21545
7943
30949
17958
14748
7338
24916
24447
9720
31244
14316
25936
181
20963
22009
25794
9583
19827
7055
16153
32349
24897
15003
23557
5318
16424
16433
15110
6835
6839
7542
31317
25870
12150
2292
6660
31586
27375
6403
18707
16160
18604
32735
18417
30667
29711
27124
10669
32574
9732
13452
13799
1382
26974
28477
6954
8932
7897
11830
11737
7581
17911
14027
2837
20407
19023
1801
20676
30053
21861
13677
